 function [N,M,K,w,alpha,e] = NSF_Ex3()

N = 10; 
M = 5;
K = 4;
e = 0.001;
alpha = 1000;
w = [3 1 10 3 0;
    6 2 9 6 1;
    4 3 8 4 4;
    0 4 7 8 6;
    1 5 6 1 2;
    2 6 5 2 3;
    8 7 4 8 5;
    5 8 3 5 0;
    10 9 2 8 7;
    3 10 1 3 10];

end