function [N,M,K,w,alpha,e] = NSF_Ex2()


N = 4;
M = 4;
K = 4;
alpha = 1000;
e = 0.0001;
w = [1 2 2 2;
    2 1 2 3;
    1 2 2 2;
    2 1 2 3];

end
