function [N,M,K,w] = NSF_Ex1()

N = 24; %total proposals(i)
M = 10; %total reviewers(j)
K = 3; %no. of reviews needed for each proposal


w = [  1, 2, 24, 24, 24, 24, 10, 2, 3, 24 ;
    2, 0, 24, 24, 24, 24, 11, 4, 1, 24 ;
    12, 0, 6, 24, 8, 2, 12, 24, 5, 1 ;
    10, 3, 3, 1, 5, 14, 0, 5, 12, 24 ;
    3, 12, 11, 24, 24, 16, 24, 6, 5, 24 ;
    24, 6, 8, 24, 0, 13, 7, 7, 1, 8 ;
    6, 4, 24, 24, 24, 24, 6, 1, 1, 24 ;
    24, 24, 24, 24, 10, 8, 24, 24, 12, 1 ;  
    24, 24, 24, 24, 4, 9, 24, 24, 12, 4 ;
    12, 10, 2, 1, 24, 3, 5, 24, 3, 1 ;
    10, 24, 24, 1, 11, 24, 24, 24, 12, 24 ;
    24, 24, 5, 1, 7, 7, 24, 24, 12, 8 ;
    24, 5, 1, 24, 24, 15, 4, 24, 3, 4 ;
    6, 24, 12, 1, 24, 0, 3, 24, 12, 24 ;
    24, 9, 4, 24, 24, 12, 2, 9, 5, 24 ;
    24, 1, 7, 1, 3, 6, 24, 24, 12, 4 ;
    24, 24, 24, 24, 9, 1, 24, 24, 12, 4 ;
    24, 24, 24, 24, 2, 4, 24, 24, 12, 4;
    8, 8, 24, 24, 24, 24, 1, 8, 9, 24 ;
    24, 24, 9, 7, 6, 5, 24, 24, 12, 6 ;
    24, 24, 10, 7, 12, 11, 8, 10, 7, 24 ;
    8, 11, 24, 24, 24, 0, 24, 24, 12, 24 ;
    6, 24, 24, 24, 24, 10, 9, 3, 9, 24 ;
    24, 7, 24, 7, 1, 0, 24, 24, 12, 8] ;

end